      0/99     3.62G   0.04011  0.008661    0.0148   0.06357        44       640    0.9356    0.9361    0.9649    0.7418    0.0193  0.002435  0.002926
      1/99     21.8G   0.02497  0.006312   0.00603   0.03731        49       640     0.959    0.9484    0.9767    0.7844   0.01728  0.002294  0.001561
      2/99     21.3G   0.02563  0.006523  0.006106   0.03826        52       640    0.9518    0.9418    0.9729    0.7773   0.01716  0.002336  0.001931
      3/99     20.6G    0.0249  0.006388  0.005639   0.03692        33       640    0.9648    0.9654    0.9849    0.8068   0.01564  0.002099 0.0009261
      4/99     20.6G   0.02306  0.006001  0.004646   0.03371        31       640    0.9684    0.9814    0.9891    0.8268    0.0146  0.001986 0.0005362
      5/99     20.6G   0.02225  0.005782  0.004218   0.03225        37       640     0.978     0.981    0.9918    0.8383   0.01413  0.001901  0.000399
      6/99     21.3G   0.02171  0.005686  0.003998   0.03139        38       640      0.98    0.9853    0.9919     0.843    0.0138  0.001877 0.0002868
      7/99     21.3G   0.02115  0.005597  0.003708   0.03045        33       640    0.9837    0.9833    0.9922    0.8496   0.01342  0.001832 0.0002583
      8/99     21.4G   0.02098  0.005538  0.003694   0.03021        35       640    0.9823    0.9868    0.9926     0.852    0.0133  0.001824 0.0002297
      9/99     21.4G   0.02069  0.005495  0.003534   0.02972        39       640    0.9834     0.988    0.9925     0.855   0.01311  0.001806 0.0002137
     10/99     21.4G   0.02049  0.005437  0.003469    0.0294        30       640    0.9838    0.9883    0.9927    0.8579   0.01298  0.001791 0.0002002
     11/99     21.4G   0.02033  0.005411  0.003432   0.02917        35       640    0.9824    0.9904    0.9929    0.8587   0.01291  0.001782  0.000187
     12/99     21.3G   0.02019  0.005366  0.003381   0.02894        36       640    0.9843    0.9889     0.993    0.8596   0.01286  0.001777 0.0001762
     13/99     21.3G   0.01995  0.005336  0.003237   0.02852        31       640    0.9857     0.988     0.993    0.8599   0.01281  0.001772 0.0001736
     14/99     21.3G   0.01985  0.005327  0.003194   0.02837        44       640    0.9849    0.9886     0.993    0.8606   0.01276  0.001767 0.0001688
     15/99     21.3G   0.01973  0.005295  0.003159   0.02818        32       640    0.9836    0.9906    0.9931    0.8611   0.01271  0.001761 0.0001645
     16/99     21.3G   0.01957  0.005265   0.00313   0.02796        31       640    0.9841    0.9902    0.9931    0.8623   0.01267  0.001756 0.0001594
     17/99     21.3G   0.01949  0.005247  0.003075   0.02781        21       640    0.9863    0.9877    0.9932    0.8625   0.01262  0.001752 0.0001551
     18/99     21.3G    0.0195  0.005252  0.003093   0.02784        49       640    0.9855    0.9886    0.9932    0.8635   0.01257  0.001746 0.0001536
     19/99     21.3G   0.01938  0.005221   0.00303   0.02763        43       640    0.9853    0.9884    0.9933    0.8641   0.01253  0.001741 0.0001498
     20/99     21.3G   0.01921  0.005188  0.002955   0.02735        52       640    0.9825    0.9913    0.9933    0.8645   0.01248  0.001736 0.0001462
     21/99     21.3G   0.01918  0.005202  0.002992   0.02737        32       640    0.9832    0.9907    0.9933    0.8655   0.01244  0.001733  0.000143
     22/99     21.3G   0.01921  0.005217  0.002991   0.02742        41       640    0.9852    0.9892    0.9934    0.8661    0.0124  0.001729 0.0001393
     23/99     21.3G   0.01901  0.005152  0.002896   0.02706        53       640    0.9855    0.9896    0.9934    0.8671   0.01235  0.001722 0.0001339
     24/99     21.3G   0.01885  0.005092  0.002828   0.02677        45       640     0.985    0.9902    0.9935     0.868    0.0123  0.001716 0.0001305
     25/99     21.3G   0.01884  0.005117  0.002864   0.02682        39       640    0.9848    0.9908    0.9935    0.8683   0.01225  0.001709 0.0001269
     26/99     21.3G   0.01873  0.005091  0.002784    0.0266        40       640     0.985    0.9907    0.9935     0.869   0.01221  0.001703  0.000125
     27/99     21.3G   0.01864  0.005086  0.002766   0.02649        37       640     0.985    0.9908    0.9935    0.8696   0.01216  0.001697 0.0001238
     28/99     21.3G   0.01863    0.0051  0.002793   0.02652        44       640    0.9862    0.9892    0.9935    0.8709   0.01212  0.001692 0.0001214
     29/99     21.3G   0.01853  0.005028  0.002711   0.02627        34       640    0.9865    0.9889    0.9936     0.871   0.01208  0.001687 0.0001173
     30/99     21.3G   0.01846  0.005045  0.002738   0.02624        30       640    0.9865    0.9896    0.9936    0.8724   0.01204  0.001681 0.0001152
     31/99     21.3G   0.01827  0.004979   0.00266   0.02591        54       640    0.9871    0.9892    0.9937    0.8731     0.012  0.001675  0.000111
     32/99     21.3G   0.01832   0.00502  0.002677   0.02601        33       640    0.9859    0.9904    0.9938    0.8738   0.01195  0.001669 0.0001081
     33/99     21.3G   0.01823  0.004967  0.002626   0.02583        37       640    0.9857    0.9908    0.9938    0.8752    0.0119  0.001663 0.0001056
     34/99     21.3G   0.01813     0.005  0.002608   0.02574        27       640    0.9862    0.9909    0.9939    0.8757   0.01185  0.001657 0.0001043
     35/99     21.3G   0.01804  0.004978  0.002572   0.02559        35       640    0.9862    0.9913    0.9939    0.8764   0.01181  0.001651 0.0001041
     36/99     21.3G   0.01804  0.004947  0.002577   0.02556        39       640    0.9865    0.9912     0.994    0.8769   0.01177  0.001648 0.0001027
     37/99     21.3G   0.01783  0.004906   0.00251   0.02524        52       640    0.9869    0.9912    0.9941    0.8779   0.01173  0.001643 9.959e-05
     38/99     21.3G   0.01775  0.004917  0.002502   0.02516        33       640    0.9868    0.9915    0.9941    0.8784   0.01169  0.001638 9.675e-05
     39/99     21.3G   0.01768  0.004866  0.002471   0.02502        46       640    0.9874    0.9911    0.9942    0.8788   0.01165  0.001634 9.359e-05
     40/99     21.3G   0.01766  0.004884  0.002475   0.02502        24       640    0.9862     0.992    0.9943    0.8793   0.01161   0.00163  9.03e-05
     41/99     21.3G   0.01758  0.004829  0.002415   0.02482        44       640    0.9883    0.9903    0.9944    0.8801   0.01157  0.001625 8.674e-05
     42/99     21.3G   0.01744  0.004869  0.002407   0.02471        24       640    0.9882    0.9908    0.9945    0.8809   0.01153  0.001621 8.436e-05
     43/99     21.3G   0.01739  0.004823  0.002358   0.02457        33       640    0.9875    0.9914    0.9945    0.8816   0.01149  0.001616 8.207e-05
     44/99     21.3G   0.01723  0.004769  0.002294    0.0243        42       640     0.987    0.9917    0.9946    0.8827   0.01144  0.001612 8.113e-05
     45/99     21.3G   0.01725  0.004777  0.002333   0.02436        37       640    0.9873    0.9916    0.9946    0.8832    0.0114  0.001608 7.846e-05
     46/99     21.3G   0.01712  0.004735  0.002289   0.02415        49       640    0.9875    0.9916    0.9947    0.8836   0.01136  0.001604 7.656e-05
     47/99     21.3G   0.01703  0.004735  0.002222   0.02399        45       640    0.9877    0.9914    0.9947    0.8838   0.01132  0.001601  7.47e-05
     48/99     21.3G   0.01694  0.004721  0.002231   0.02389        37       640    0.9868    0.9924    0.9947    0.8846   0.01128  0.001597 7.335e-05
     49/99     21.3G   0.01681  0.004672  0.002153   0.02363        42       640     0.987    0.9922    0.9948     0.885   0.01125  0.001594 7.087e-05
     50/99     21.3G   0.01686  0.004671   0.00219   0.02372        45       640    0.9866    0.9926    0.9949    0.8859   0.01122  0.001589 6.949e-05
     51/99     21.3G   0.01662  0.004621  0.002091   0.02333        30       640    0.9866    0.9931    0.9949     0.886   0.01119  0.001586 6.819e-05
     52/99     21.3G   0.01653  0.004626  0.002075   0.02323        30       640    0.9887    0.9911     0.995    0.8868   0.01115  0.001582 6.767e-05
     53/99     21.3G   0.01648  0.004585  0.002052   0.02312        22       640     0.989    0.9911     0.995    0.8874   0.01111  0.001577 6.631e-05
     54/99     21.3G   0.01635  0.004585     0.002   0.02294        29       640    0.9868    0.9938    0.9951    0.8879   0.01107  0.001573 6.496e-05
     55/99     21.3G   0.01622  0.004569  0.001981   0.02277        43       640    0.9869    0.9941    0.9951    0.8886   0.01103  0.001568 6.464e-05
     56/99     21.3G   0.01618  0.004521  0.001974   0.02268        31       640     0.988     0.993    0.9952    0.8892   0.01098  0.001564  6.33e-05
     57/99     21.3G   0.01608  0.004512  0.001922   0.02251        33       640    0.9868    0.9944    0.9953    0.8897   0.01095   0.00156 6.336e-05
     58/99     21.3G   0.01597  0.004487  0.001915   0.02237        32       640    0.9879    0.9939    0.9953    0.8906    0.0109  0.001554 6.224e-05
     59/99     21.3G   0.01584  0.004494  0.001862    0.0222        33       640    0.9879    0.9942    0.9953    0.8914   0.01085  0.001548 6.023e-05
     60/99     21.3G   0.01574   0.00447  0.001826   0.02203        39       640     0.988    0.9944    0.9953    0.8923   0.01081  0.001543 5.884e-05
     61/99     21.3G   0.01566  0.004416  0.001783   0.02186        39       640    0.9894     0.993    0.9954     0.893   0.01077  0.001538 5.766e-05
     62/99     21.3G   0.01553  0.004395   0.00177    0.0217        48       640    0.9888    0.9936    0.9954    0.8934   0.01073  0.001532 5.561e-05
     63/99     21.3G   0.01541  0.004356  0.001702   0.02147        26       640    0.9875    0.9951    0.9955    0.8939   0.01069  0.001527 5.428e-05
     64/99     21.3G   0.01535  0.004334  0.001741   0.02142        29       640    0.9874    0.9951    0.9955    0.8949   0.01066  0.001523 5.284e-05
     65/99     21.3G   0.01526  0.004326  0.001684   0.02127        29       640    0.9876    0.9952    0.9956    0.8958   0.01061  0.001518 5.137e-05
     66/99     21.3G   0.01517  0.004314  0.001663   0.02115        44       640    0.9876    0.9953    0.9956    0.8959   0.01057  0.001512 5.085e-05
     67/99     21.3G   0.01502  0.004276    0.0016   0.02089        38       640    0.9888    0.9945    0.9957    0.8964   0.01054  0.001507 5.049e-05
     68/99     21.3G   0.01497  0.004257  0.001608   0.02083        21       640    0.9896    0.9946    0.9957    0.8973    0.0105  0.001502 4.941e-05
     69/99     21.3G   0.01487  0.004226  0.001577   0.02067        43       640      0.99    0.9949    0.9958     0.898   0.01045  0.001496 4.832e-05
     70/99     21.3G   0.01476    0.0042  0.001561   0.02052        30       640    0.9905    0.9946    0.9959    0.8988   0.01041   0.00149 4.765e-05
     71/99     21.3G   0.01462  0.004178  0.001484   0.02028        31       640    0.9909    0.9944    0.9959    0.8994   0.01037  0.001484 4.656e-05
     72/99     21.3G   0.01452  0.004123  0.001475   0.02012        35       640    0.9908    0.9948     0.996    0.9002   0.01032  0.001478  4.51e-05
     73/99     21.3G   0.01439  0.004131  0.001448   0.01996        27       640    0.9911    0.9947     0.996     0.901   0.01028  0.001472 4.434e-05
     74/99     20.6G   0.01429  0.004073  0.001422   0.01978        45       640    0.9909    0.9951    0.9961    0.9015   0.01023  0.001466 4.347e-05
     75/99     20.6G   0.01416   0.00406  0.001379    0.0196        39       640    0.9911     0.995    0.9961    0.9024   0.01018   0.00146 4.184e-05
     76/99     20.6G   0.01406  0.004048   0.00137   0.01948        36       640    0.9906    0.9957    0.9962    0.9029   0.01014  0.001454 4.053e-05
     77/99     20.6G   0.01396  0.004015   0.00133    0.0193        40       640    0.9918    0.9949    0.9963     0.904   0.01009  0.001448 3.943e-05
     78/99     20.6G   0.01384  0.003995  0.001298   0.01913        27       640    0.9916    0.9955    0.9964    0.9049   0.01004  0.001442 3.829e-05
     79/99     20.6G   0.01372  0.003951  0.001286   0.01896        32       640    0.9918    0.9956    0.9965    0.9055  0.009989  0.001437 3.718e-05
     80/99     20.6G   0.01369  0.003956  0.001235   0.01888        29       640    0.9927    0.9951    0.9965    0.9063  0.009938  0.001431 3.629e-05
     81/99     20.6G   0.01354  0.003927  0.001246   0.01871        46       640    0.9932     0.995    0.9966    0.9074  0.009886  0.001425 3.546e-05
     82/99     20.6G   0.01347  0.003891  0.001181   0.01854        31       640    0.9933    0.9952    0.9966    0.9082  0.009834  0.001418 3.486e-05
     83/99     20.6G   0.01334   0.00385   0.00118   0.01837        51       640     0.993    0.9955    0.9967    0.9097  0.009782  0.001411 3.406e-05
     84/99     20.6G   0.01325  0.003844  0.001143   0.01823        41       640    0.9934    0.9954    0.9968    0.9104  0.009735  0.001405 3.363e-05
     85/99     20.6G   0.01312  0.003812  0.001122   0.01806        41       640    0.9937    0.9956    0.9968    0.9107  0.009684    0.0014 3.314e-05
     86/99     20.6G   0.01304  0.003795  0.001112   0.01795        32       640    0.9937    0.9957    0.9968    0.9118  0.009639  0.001394  3.23e-05
     87/99     20.6G   0.01299  0.003791  0.001104   0.01788        30       640    0.9938    0.9958    0.9969    0.9124  0.009592  0.001388 3.161e-05
     88/99     20.6G   0.01292  0.003758  0.001104   0.01778        40       640    0.9937    0.9961    0.9969    0.9131   0.00954  0.001382 3.083e-05
     89/99     20.6G   0.01282  0.003751  0.001064   0.01763        27       640    0.9943    0.9959     0.997    0.9142   0.00949  0.001376 2.969e-05
     90/99     20.6G   0.01272  0.003709  0.001045   0.01747        33       640    0.9944    0.9958     0.997    0.9152   0.00944   0.00137 2.883e-05
     91/99     20.6G   0.01262    0.0037 0.0009993   0.01732        37       640     0.994    0.9963    0.9971    0.9159  0.009396  0.001365 2.827e-05
     92/99     20.6G   0.01259   0.00369 0.0009953   0.01728        27       640    0.9939    0.9965    0.9972    0.9167  0.009353  0.001359 2.775e-05
     93/99     20.6G   0.01251  0.003661 0.0009658   0.01714        27       640    0.9952    0.9954    0.9972    0.9173  0.009312  0.001355 2.763e-05
     94/99     20.6G   0.01251  0.003659 0.0009872   0.01715        33       640    0.9936    0.9974    0.9972    0.9182  0.009272   0.00135 2.723e-05
     95/99     20.6G   0.01248  0.003657 0.0009845   0.01712        37       640    0.9943    0.9969    0.9972    0.9188  0.009227  0.001346 2.669e-05
     96/99     20.6G   0.01235  0.003609 0.0009725   0.01694        32       640     0.994    0.9973    0.9973    0.9198  0.009189  0.001342 2.607e-05
     97/99     20.6G   0.01242  0.003625 0.0009852   0.01703        26       640    0.9948    0.9967    0.9973      0.92  0.009144  0.001337 2.548e-05
     98/99     20.6G   0.01229  0.003597 0.0009655   0.01685        42       640    0.9945    0.9968    0.9973    0.9206  0.009102  0.001332 2.497e-05
     99/99     20.6G   0.01224  0.003595  0.000953   0.01679        43       640    0.9948    0.9966    0.9973    0.9215  0.009063  0.001328 2.441e-05
